[gd_scene load_steps=18 format=3 uid="uid://dpeqrnidy6scn"]

[ext_resource type="PackedScene" uid="uid://b4dpjminsf4mx" path="res://assets/scenes/worlds/worldBase/worldBase.tscn" id="1_ffcsn"]
[ext_resource type="Texture2D" uid="uid://bodygaior62dl" path="res://assets/textures/Developer_Textures/Light/texture_08.png" id="2_sfw5y"]
[ext_resource type="PackedScene" uid="uid://cmyxa8pfmhpcy" path="res://assets/components/inputComponent/inputComponent.tscn" id="7_evk2e"]
[ext_resource type="PackedScene" uid="uid://wtqya32cwdbk" path="res://assets/entities/weapons/TestWeapon/testWeapon.tscn" id="7_mrcrd"]
[ext_resource type="PackedScene" uid="uid://bg8aarggcxwa8" path="res://assets/entities/pawnEntity/pawnEntity.tscn" id="7_p48cf"]
[ext_resource type="PackedScene" uid="uid://cgghffeqks1ac" path="res://assets/entities/clothing/Gloves/left_glove_fingerless.tscn" id="19_t0e24"]
[ext_resource type="PackedScene" uid="uid://bap501mpmqgb" path="res://assets/entities/clothing/Gloves/right_glove_fingerless.tscn" id="20_blqkk"]

[sub_resource type="ProceduralSkyMaterial" id="ProceduralSkyMaterial_o6uva"]
sky_top_color = Color(0, 0.595729, 0.995398, 1)
sky_horizon_color = Color(0.12549, 0.435294, 0.545098, 1)
ground_bottom_color = Color(0.141176, 0.611765, 0.909804, 1)
ground_horizon_color = Color(0.12549, 0.435294, 0.545098, 1)

[sub_resource type="Sky" id="Sky_2epwn"]
sky_material = SubResource("ProceduralSkyMaterial_o6uva")

[sub_resource type="Environment" id="Environment_lrdb6"]
background_mode = 2
background_color = Color(0.592157, 0.780392, 0.913725, 1)
sky = SubResource("Sky_2epwn")
ambient_light_source = 3
tonemap_exposure = 1.14
ssao_enabled = true
ssao_radius = 1.21
ssao_intensity = 1.25
ssao_power = 3.21532
sdfgi_enabled = true
sdfgi_energy = 0.618
glow_enabled = true
glow_intensity = 3.28
glow_bloom = 0.1
volumetric_fog_enabled = true
volumetric_fog_density = 0.0125
volumetric_fog_length = 100.66
adjustment_enabled = true
adjustment_contrast = 1.3
adjustment_saturation = 1.25

[sub_resource type="Gradient" id="Gradient_qubni"]
offsets = PackedFloat32Array(0.0143541, 0.378238, 0.585492, 1)
colors = PackedColorArray(0.976471, 0.941176, 0.721569, 1, 0.994007, 0.985018, 0.929084, 1, 1, 1, 1, 1, 0.996078, 0.972549, 0.745098, 1)

[sub_resource type="Curve" id="Curve_qcxnm"]
max_value = 5.0
_data = [Vector2(0, 0), 0.0, 0.0, 0, 0, Vector2(0.245536, 1.10526), 0.0, 0.0, 0, 0, Vector2(0.5, 1.21053), 0.0, 0.0, 0, 0, Vector2(1, 0), 0.0, 0.0, 0, 0]
point_count = 4

[sub_resource type="Gradient" id="Gradient_potkt"]
offsets = PackedFloat32Array(0)
colors = PackedColorArray(0.0893376, 1.92764e-05, 0.366253, 1)

[sub_resource type="Curve" id="Curve_aqdmn"]
_data = [Vector2(0, 1), 0.0, 0.0, 0, 0, Vector2(0.289063, 0.442105), 0.0, 0.0, 0, 0, Vector2(0.703125, 0.410526), 0.0, 0.0, 0, 0, Vector2(1, 1), 0.0, 0.0, 0, 0]
point_count = 4

[sub_resource type="Gradient" id="Gradient_y6i33"]
offsets = PackedFloat32Array(0, 0.414508, 0.611399, 1)
colors = PackedColorArray(0.0817913, 0.0544171, 0.180652, 1, 0.331283, 0.473115, 0.895028, 1, 0.50672, 0.591307, 0.919795, 1, 0.105315, 0.069042, 0.246004, 1)

[sub_resource type="Gradient" id="Gradient_te3yj"]
offsets = PackedFloat32Array(0, 0.227979, 0.440415, 0.597938, 0.797927, 1)
colors = PackedColorArray(0.0389039, 0.154287, 0.313718, 1, 0.860356, 0.583018, 0.354333, 1, 0.0369147, 0.113202, 0.261585, 1, 0.0681301, 0.166985, 0.312768, 1, 0.860963, 0.579766, 0.389372, 1, 0.0197519, 0.143754, 0.301438, 1)

[sub_resource type="StandardMaterial3D" id="StandardMaterial3D_wxycu"]
albedo_color = Color(0.341176, 0.733333, 0, 1)
albedo_texture = ExtResource("2_sfw5y")
metallic_specular = 0.0
metallic_texture = ExtResource("2_sfw5y")
roughness = 0.0
emission_energy_multiplier = 0.18
uv1_triplanar = true
uv1_world_triplanar = true

[node name="worldBase" instance=ExtResource("1_ffcsn")]

[node name="DirectionalLight3D" parent="Environment" index="0"]
transform = Transform3D(0.507283, 0, -0.86178, 0.750868, 0.490752, 0.441995, 0.42292, -0.871299, 0.24895, 0, 0, 0)

[node name="WorldEnvironment" parent="Environment" index="1"]
environment = SubResource("Environment_lrdb6")

[node name="dayNightCycle" parent="Environment" index="2" node_paths=PackedStringArray("environment")]
transform = Transform3D(0.611057, 0, -0.791586, 0, 1, 0, 0.791586, 0, 0.611057, 0, 0, 0)
dayLength = 1024.0
startTime = 0.35
sunColor = SubResource("Gradient_qubni")
sunIntensity = SubResource("Curve_qcxnm")
moonColor = SubResource("Gradient_potkt")
moonIntensity = SubResource("Curve_aqdmn")
environment = NodePath("../WorldEnvironment")
skyTopColor = SubResource("Gradient_y6i33")
skyHorizonColor = SubResource("Gradient_te3yj")

[node name="Floor" type="CSGBox3D" parent="Geometry" index="0"]
use_collision = true
size = Vector3(3311.39, 1, 4446.3)
material = SubResource("StandardMaterial3D_wxycu")

[node name="pawnEntity" parent="Pawns/Players" index="0" node_paths=PackedStringArray("inputComponent") instance=ExtResource("7_p48cf")]
transform = Transform3D(1, 0, 0, 0, 1, 0, 0, 0, 1, 0, 1.69885, 34.1192)
inputComponent = NodePath("Components/inputComponent")

[node name="Skeleton3D" parent="Pawns/Players/pawnEntity/Mesh/MaleSkeleton" index="0"]
bones/0/position = Vector3(0.0304224, 0.877043, -0.088069)
bones/0/rotation = Quaternion(-0.125783, -0.0697813, -0.00506515, 0.989588)
bones/1/rotation = Quaternion(0.182631, 0.0132136, 0.0130545, 0.983006)
bones/2/rotation = Quaternion(-0.0425922, 0.00968601, -0.011404, 0.998981)
bones/3/rotation = Quaternion(0.558295, 0.336752, 0.565013, -0.505634)
bones/4/rotation = Quaternion(-0.454762, 0.311788, -0.344512, 0.759797)
bones/5/rotation = Quaternion(0.0720929, 0.0130721, -0.0825356, 0.993891)
bones/6/rotation = Quaternion(-0.0202646, -0.243612, -0.0129186, 0.969575)
bones/7/rotation = Quaternion(-0.0937308, -0.708516, 0.142583, 0.684755)
bones/8/rotation = Quaternion(0.0234053, 0.0591785, -0.00351044, 0.997967)
bones/9/rotation = Quaternion(0.0612742, 0.369341, 0.00318196, 0.927266)
bones/10/rotation = Quaternion(-0.00121787, -0.71411, 0.0116644, 0.699935)
bones/11/rotation = Quaternion(-0.155479, 0.818544, 0.117653, 0.540342)
bones/12/rotation = Quaternion(0.0071618, -0.465102, -0.0288456, 0.884758)
bones/13/rotation = Quaternion(-0.0188859, -0.71309, 0.104182, 0.693031)
bones/14/rotation = Quaternion(-0.0973025, 0.929729, -0.136922, -0.327702)
bones/15/rotation = Quaternion(0.0745188, -0.25319, -0.092566, 0.96009)
bones/16/rotation = Quaternion(0.0370556, -0.710128, 0.0754819, 0.699034)
bones/17/rotation = Quaternion(-0.282696, 0.949415, -0.136251, -0.0113852)
bones/18/rotation = Quaternion(0.0220558, 0.0836155, -0.0307635, 0.995779)
bones/19/rotation = Quaternion(0.0220545, -0.715494, 0.0761469, 0.694106)
bones/20/rotation = Quaternion(-0.169088, 0.907804, -0.0185476, 0.383351)
bones/21/rotation = Quaternion(0.0375579, 0.0487892, -0.0716863, 0.995525)
bones/22/rotation = Quaternion(0.562012, -0.32159, -0.555249, -0.52194)
bones/23/rotation = Quaternion(-0.506335, -0.333817, 0.252878, 0.753819)
bones/24/rotation = Quaternion(0.132723, -0.0128814, 0.151967, 0.979349)
bones/25/rotation = Quaternion(0.0128644, 0.191948, -0.05283, 0.979898)
bones/26/rotation = Quaternion(-0.0731224, 0.712785, -0.124436, 0.686372)
bones/27/rotation = Quaternion(0.0232378, -0.0592704, 0.00340042, 0.997966)
bones/28/rotation = Quaternion(0.0611483, -0.369237, -0.0029734, 0.927317)
bones/29/rotation = Quaternion(0.0200837, 0.714475, 0.00661809, 0.699342)
bones/30/rotation = Quaternion(-0.155423, -0.818569, -0.117416, 0.540372)
bones/31/rotation = Quaternion(0.00740126, 0.465131, 0.02908, 0.884733)
bones/32/rotation = Quaternion(0.00224264, 0.71617, -0.0860495, 0.692597)
bones/33/rotation = Quaternion(0.0970587, 0.929771, -0.136794, 0.327708)
bones/34/rotation = Quaternion(0.0743437, 0.253105, 0.0923524, 0.960147)
bones/35/rotation = Quaternion(0.0582383, 0.712186, -0.0572832, 0.697221)
bones/36/rotation = Quaternion(0.28234, 0.949488, -0.136485, 0.0113265)
bones/37/rotation = Quaternion(0.0221003, -0.0836271, 0.0305936, 0.995782)
bones/38/rotation = Quaternion(0.0431611, 0.717611, -0.0576951, 0.692707)
bones/39/rotation = Quaternion(0.168818, 0.907772, -0.0188109, -0.383532)
bones/40/rotation = Quaternion(0.0377891, -0.0488051, 0.0715369, 0.995526)
bones/41/rotation = Quaternion(0.033275, 0.00128376, -0.0038142, 0.999438)
bones/42/rotation = Quaternion(0.00588829, 0.708607, 0.0567974, 0.703289)
bones/43/rotation = Quaternion(0.98992, 0.079062, -0.0689461, -0.0951568)
bones/44/rotation = Quaternion(0.203063, 0.00205537, 0.0283811, 0.978752)
bones/45/rotation = Quaternion(0.0388202, 0.865834, -0.494438, 0.0659973)
bones/46/rotation = Quaternion(0.426939, -0.0145308, -0.0222797, 0.903889)
bones/47/rotation = Quaternion(0.994544, -0.0914408, 0.0144291, 0.0480981)
bones/48/rotation = Quaternion(0.17227, -0.00206991, -0.0283056, 0.984641)
bones/49/rotation = Quaternion(-0.0160652, 0.898689, -0.431013, -0.0795529)
bones/50/rotation = Quaternion(0.302193, 0.0110168, 0.000402733, 0.953183)

[node name="LeftGloveFingerless" parent="Pawns/Players/pawnEntity/Mesh/MaleSkeleton/Skeleton3D/Clothing" index="0" instance=ExtResource("19_t0e24")]

[node name="RightGloveFingerless" parent="Pawns/Players/pawnEntity/Mesh/MaleSkeleton/Skeleton3D/Clothing" index="1" instance=ExtResource("20_blqkk")]

[node name="inputComponent" parent="Pawns/Players/pawnEntity/Components" index="2" instance=ExtResource("7_evk2e")]

[node name="AnimationTree" parent="Pawns/Players/pawnEntity" index="2"]
parameters/weaponBlend/blend_amount = 0

[node name="UpperChest" parent="Pawns/Players/pawnEntity/BoneAttatchments" index="0"]
transform = Transform3D(-0.995824, 0.0129613, 0.090252, 0.0103965, 0.99952, -0.0288369, -0.0905834, -0.0277786, -0.995492, -0.0251927, 1.91589, 34.2193)

[node name="Stomach" parent="Pawns/Players/pawnEntity/BoneAttatchments" index="1"]
transform = Transform3D(-0.99326, 0.0440822, 0.107105, 0.0317547, 0.992931, -0.114194, -0.111385, -0.110025, -0.987648, -0.0342777, 1.71125, 34.2419)

[node name="Head" parent="Pawns/Players/pawnEntity/BoneAttatchments" index="2"]
transform = Transform3D(-0.0748914, 0.0901656, -0.993097, 0.182663, 0.980278, 0.0752284, 0.980303, -0.175769, -0.0898862, -0.0205358, 2.25127, 34.2003)

[node name="Neck" parent="Pawns/Players/pawnEntity/BoneAttatchments" index="3"]
transform = Transform3D(-0.0748914, 0.0901656, -0.993097, 0.182663, 0.980278, 0.0752284, 0.980303, -0.175769, -0.0898862, -0.0205358, 2.25127, 34.2003)

[node name="leftHand" parent="Pawns/Players/pawnEntity/BoneAttatchments" index="4"]
transform = Transform3D(0.456381, -0.0126816, -0.88968, 0.190234, -0.975369, 0.111484, -0.86918, -0.220118, -0.442733, -0.20136, 1.64758, 34.1652)

[node name="rightHand" parent="Pawns/Players/pawnEntity/BoneAttatchments" index="5"]
transform = Transform3D(0.252693, 0.152514, 0.95545, -0.0523892, -0.983866, 0.170906, 0.966116, -0.0932158, -0.240627, 0.143588, 1.64982, 34.2688)

[node name="TestWeapon" parent="Pawns/Players/pawnEntity/BoneAttatchments/rightHand/Weapons" index="0" instance=ExtResource("7_mrcrd")]
transform = Transform3D(-0.223732, -0.163306, -0.960971, -0.0441752, -0.983209, 0.177372, -0.973695, 0.0820985, 0.212736, -0.14217, 0.950855, -0.148144)

[node name="pawnEntity" parent="Pawns" index="1" instance=ExtResource("7_p48cf")]
transform = Transform3D(1, 0, 0, 0, 1, 0, 0, 0, 1, 0.824409, 1.83894, 37.276)

[editable path="Pawns/Players/pawnEntity"]
