[gd_scene load_steps=18 format=3 uid="uid://40svo5e4g5kn"]

[ext_resource type="Script" uid="uid://b5pkfifrbmps2" path="res://assets/entities/gore/dismember_gib.gd" id="1_ikhea"]
[ext_resource type="ArrayMesh" uid="uid://dswpjv66fxmyr" path="res://assets/models/gore/gib1.res" id="3_ikhea"]
[ext_resource type="AudioStream" uid="uid://dj2afeo57p2u8" path="res://assets/sounds/gore/fleshimpact4.wav" id="4_1ci8d"]
[ext_resource type="Material" uid="uid://co86jd67xrcl" path="res://assets/materials/blood/spurts/bloodSpurt3.tres" id="4_fkjti"]
[ext_resource type="AudioStream" uid="uid://c20vyv41quc5p" path="res://assets/sounds/gore/fleshimpact7.wav" id="5_hc752"]
[ext_resource type="AudioStream" uid="uid://bjhhwih6knndf" path="res://assets/sounds/gore/fleshimpact8.wav" id="6_mbmvh"]

[sub_resource type="SphereShape3D" id="SphereShape3D_xphrd"]
radius = 0.1

[sub_resource type="Skin" id="Skin_f1w22"]
resource_name = "Skin"
bind_count = 51
bind/0/name = &"Spine_0"
bind/0/bone = -1
bind/0/pose = Transform3D(1, 3.0839e-07, 6.36587e-08, -3.10044e-07, 0.999611, 0.0278757, -5.50374e-08, -0.0278756, 0.999611, 0.00146676, -0.8758, 0.120635)
bind/1/name = &"Spine_1"
bind/1/bone = -1
bind/1/pose = Transform3D(1, 2.91253e-07, 6.37966e-08, -2.88085e-07, 0.998986, -0.0450309, -7.68473e-08, 0.045031, 0.998986, 0.00146678, -1.02168, 0.0463172)
bind/2/name = &"Spine_2"
bind/2/bone = -1
bind/2/pose = Transform3D(1, 2.80434e-07, 6.45313e-08, -2.73419e-07, 0.995872, -0.0907643, -8.97184e-08, 0.0907645, 0.995872, 0.00146679, -1.22861, -0.00999698)
bind/3/name = &"L_Shoulder"
bind/3/bone = -1
bind/3/pose = Transform3D(0.162455, -0.0541511, 0.985229, 0.93467, -0.311557, -0.171242, 0.316228, 0.948683, -2.49594e-07, 0.204432, 0.443242, -1.41047)
bind/4/name = &"L_UpperArm"
bind/4/bone = -1
bind/4/pose = Transform3D(-0.0223752, 0.0496624, 0.998515, 0.410172, -0.91038, 0.0544699, 0.911734, 0.410782, -8.3819e-08, 0.0808822, 1.268, -0.712447)
bind/5/name = &"L_Forearm"
bind/5/bone = -1
bind/5/pose = Transform3D(-0.127091, 0.187231, 0.97406, 0.530009, -0.817254, 0.226243, 0.838414, 0.545014, 0.00463209, -0.0651079, 0.899853, -0.857767)
bind/6/name = &"L_Hand"
bind/6/bone = -1
bind/6/pose = Transform3D(-0.0711414, 0.0919475, 0.993219, 0.565323, -0.816659, 0.116095, 0.821796, 0.569749, 0.00611843, 0.0116223, 0.622187, -0.876405)
bind/7/name = &"L_Thumb0"
bind/7/bone = -1
bind/7/pose = Transform3D(0.964013, 0.265854, -0.000512971, 0.265602, -0.963012, 0.0454245, 0.0115823, -0.0439263, -0.998968, -0.634608, 0.811723, 0.032401)
bind/8/name = &"L_Thumb1"
bind/8/bone = -1
bind/8/pose = Transform3D(0.954777, 0.273072, 0.117609, 0.275039, -0.961433, -0.000508694, 0.112935, 0.0328325, -0.99306, -0.637135, 0.77703, -0.0793799)
bind/9/name = &"L_Thumb2"
bind/9/bone = -1
bind/9/pose = Transform3D(0.631023, 0.127418, 0.765228, 0.3239, -0.939599, -0.110643, 0.70491, 0.317676, -0.63418, -0.371368, 0.703581, -0.576407)
bind/10/name = &"L_Index0"
bind/10/bone = -1
bind/10/pose = Transform3D(0.832681, 0.553626, -0.0118041, 0.551807, -0.827782, 0.101418, 0.0463765, -0.0909628, -0.994774, -0.886178, 0.501398, 0.0288648)
bind/11/name = &"L_Index1"
bind/11/bone = -1
bind/11/pose = Transform3D(-0.419274, -0.014176, 0.907749, 0.193563, -0.978284, 0.0741258, 0.886985, 0.206785, 0.412913, 0.240291, 0.765709, -0.596404)
bind/12/name = &"L_Index2"
bind/12/bone = -1
bind/12/pose = Transform3D(0.481212, 0.219134, 0.848773, 0.210068, -0.968866, 0.131041, 0.851062, 0.115241, -0.512263, -0.397453, 0.718668, -0.525864)
bind/13/name = &"L_Middle0"
bind/13/bone = -1
bind/13/pose = Transform3D(0.908363, 0.417987, -0.01278, 0.417963, -0.908452, -0.00459977, -0.0135327, -0.00116361, -0.999908, -0.793967, 0.624931, -0.0544099)
bind/14/name = &"L_Middle1"
bind/14/bone = -1
bind/14/pose = Transform3D(-0.742717, -0.23857, -0.625664, 0.151677, -0.970031, 0.189826, -0.6522, 0.0460881, 0.756644, 0.52019, 0.782728, 0.315492)
bind/15/name = &"L_Middle2"
bind/15/bone = -1
bind/15/pose = Transform3D(-0.975535, 0.0263616, -0.218256, -0.0799473, -0.967351, 0.240499, -0.20479, 0.252064, 0.945793, 0.432875, 0.859461, -0.0602412)
bind/16/name = &"L_Ring0"
bind/16/bone = -1
bind/16/pose = Transform3D(0.851385, 0.524487, -0.00751707, 0.523745, -0.850795, -0.0428949, -0.0288933, 0.0325828, -0.999051, -0.856406, 0.526103, -0.105688)
bind/17/name = &"L_Ring1"
bind/17/bone = -1
bind/17/pose = Transform3D(-0.997471, 0.0159983, -0.0692542, -0.0310525, -0.974523, 0.222126, -0.0639362, 0.223715, 0.972555, 0.448027, 0.88217, -0.0760055)
bind/18/name = &"L_Ring2"
bind/18/bone = -1
bind/18/pose = Transform3D(-0.969134, 0.0339333, -0.244187, -0.0978995, -0.962009, 0.25486, -0.226262, 0.2709, 0.935638, 0.404857, 0.876946, -0.0427792)
bind/19/name = &"L_Pinkie0"
bind/19/bone = -1
bind/19/pose = Transform3D(0.862962, 0.504852, -0.0205017, 0.504444, -0.863162, -0.0220668, -0.0288368, 0.00870058, -0.999546, -0.838925, 0.549209, -0.105776)
bind/20/name = &"L_Pinkie1"
bind/20/bone = -1
bind/20/pose = Transform3D(-0.701898, -0.0565563, 0.710029, 0.228029, -0.96222, 0.148774, 0.67479, 0.266332, 0.688277, 0.448701, 0.757346, -0.464826)
bind/21/name = &"L_Pinkie2"
bind/21/bone = -1
bind/21/pose = Transform3D(-0.792212, 0.0504688, 0.608155, 0.168554, -0.939708, 0.29755, 0.586506, 0.33823, 0.735942, 0.387916, 0.757501, -0.480411)
bind/22/name = &"R_Shoulder"
bind/22/bone = -1
bind/22/pose = Transform3D(0.162456, 0.0541512, -0.985229, -0.93467, -0.311557, -0.171243, -0.316228, 0.948683, -5.47618e-07, -0.203511, 0.437946, -1.41226)
bind/23/name = &"R_UpperArm"
bind/23/bone = -1
bind/23/pose = Transform3D(-0.0223746, -0.0496624, -0.998516, -0.410171, -0.91038, 0.0544697, -0.911734, 0.410781, -7.61822e-07, -0.081009, 1.26568, -0.717613)
bind/24/name = &"R_Forearm"
bind/24/bone = -1
bind/24/pose = Transform3D(-0.127091, -0.187231, -0.97406, -0.530009, -0.817254, 0.226243, -0.838415, 0.545013, 0.00463139, 0.0643877, 0.89685, -0.862517)
bind/25/name = &"R_Hand"
bind/25/bone = -1
bind/25/pose = Transform3D(-0.0746026, -0.0953847, -0.992641, -0.518789, -0.846393, 0.120321, -0.851641, 0.523947, 0.0136586, -0.00981912, 0.666688, -0.845569)
bind/26/name = &"R_Thumb0"
bind/26/bone = -1
bind/26/pose = Transform3D(0.964013, -0.265853, 0.000514878, -0.265601, -0.963012, 0.0454246, -0.0115806, -0.0439268, -0.998968, 0.634063, 0.811873, 0.0324085)
bind/27/name = &"R_Thumb1"
bind/27/bone = -1
bind/27/pose = Transform3D(0.954777, -0.273073, -0.11761, -0.275039, -0.961433, -0.000508752, -0.112935, 0.0328329, -0.99306, 0.636595, 0.777185, -0.0793168)
bind/28/name = &"R_Thumb2"
bind/28/bone = -1
bind/28/pose = Transform3D(0.631024, -0.127416, -0.765228, -0.323898, -0.9396, -0.110643, -0.704911, 0.317675, -0.63418, 0.37101, 0.703765, -0.576008)
bind/29/name = &"R_Index0"
bind/29/bone = -1
bind/29/pose = Transform3D(0.832682, -0.553625, 0.0118047, -0.551805, -0.827783, 0.101418, -0.0463758, -0.0909627, -0.994774, 0.885706, 0.501711, 0.028891)
bind/30/name = &"R_Index1"
bind/30/bone = -1
bind/30/pose = Transform3D(-0.419273, 0.0141752, -0.90775, -0.193561, -0.978284, 0.0741256, -0.886986, 0.206784, 0.412912, -0.240052, 0.765818, -0.595902)
bind/31/name = &"R_Index2"
bind/31/bone = -1
bind/31/pose = Transform3D(0.481212, -0.219133, -0.848773, -0.210067, -0.968865, 0.13104, -0.851062, 0.115241, -0.512263, 0.397181, 0.718786, -0.525382)
bind/32/name = &"R_Middle0"
bind/32/bone = -1
bind/32/pose = Transform3D(0.908364, -0.417985, 0.0127807, -0.417962, -0.908453, -0.00459994, 0.0135332, -0.00116362, -0.999908, 0.793452, 0.625168, -0.0544176)
bind/33/name = &"R_Middle1"
bind/33/bone = -1
bind/33/pose = Transform3D(-0.742718, 0.23857, 0.625664, -0.151677, -0.970031, 0.189826, 0.6522, 0.0460885, 0.756645, -0.51977, 0.782814, 0.315123)
bind/34/name = &"R_Middle2"
bind/34/bone = -1
bind/34/pose = Transform3D(-0.975536, -0.0263621, 0.218255, 0.0799476, -0.967351, 0.240499, 0.204789, 0.252064, 0.945793, -0.432323, 0.859415, -0.0603572)
bind/35/name = &"R_Ring0"
bind/35/bone = -1
bind/35/pose = Transform3D(0.851386, -0.524485, 0.00751805, -0.523743, -0.850796, -0.0428957, 0.0288943, 0.0325831, -0.999052, 0.855923, 0.526401, -0.105704)
bind/36/name = &"R_Ring1"
bind/36/bone = -1
bind/36/pose = Transform3D(-0.997471, -0.0159972, 0.0692544, 0.0310516, -0.974523, 0.222127, 0.0639366, 0.223715, 0.972555, -0.447464, 0.882152, -0.0760416)
bind/37/name = &"R_Ring2"
bind/37/bone = -1
bind/37/pose = Transform3D(-0.969135, -0.0339338, 0.244186, 0.0978997, -0.962009, 0.25486, 0.226261, 0.2709, 0.935639, -0.404309, 0.876891, -0.0429073)
bind/38/name = &"R_Pinkie0"
bind/38/bone = -1
bind/38/pose = Transform3D(0.862964, -0.50485, 0.0205027, -0.504442, -0.863164, -0.0220672, 0.0288376, 0.00870054, -0.999547, 0.838436, 0.549496, -0.105792)
bind/39/name = &"R_Pinkie1"
bind/39/bone = -1
bind/39/pose = Transform3D(-0.701899, 0.0565564, -0.710028, -0.228029, -0.962221, 0.148774, -0.67479, 0.266332, 0.688278, -0.448305, 0.757475, -0.464444)
bind/40/name = &"R_Pinkie2"
bind/40/bone = -1
bind/40/pose = Transform3D(-0.792212, -0.0504686, -0.608156, -0.168555, -0.939709, 0.29755, -0.586507, 0.338231, 0.735942, -0.387468, 0.757596, -0.48008)
bind/41/name = &"Neck"
bind/41/bone = -1
bind/41/pose = Transform3D(1, 3.02136e-07, 6.35472e-08, -3.02136e-07, 1, -2.15075e-07, -6.35473e-08, 4.0879e-07, 1, 0.00146676, -1.48725, 0.12551)
bind/42/name = &"Head"
bind/42/bone = -1
bind/42/pose = Transform3D(-1.65633e-07, 0.190045, -0.981775, -3.66749e-07, 0.981776, 0.190045, 1, 3.77815e-07, -9.2185e-08, -0.414866, -1.5083, 0.00146662)
bind/43/name = &"L_UpperLeg"
bind/43/bone = -1
bind/43/pose = Transform3D(0.981451, 0.191581, 0.00696205, 0.191682, -0.980076, -0.0520539, -0.00314896, 0.0524228, -0.99862, -0.214337, 0.847197, -0.141962)
bind/44/name = &"L_LowerLeg"
bind/44/bone = -1
bind/44/pose = Transform3D(0.990494, 0.137317, 0.00804277, 0.137551, -0.98854, -0.0621905, -0.000588951, 0.0627056, -0.998032, -0.189169, 0.452292, -0.147173)
bind/45/name = &"L_Foot"
bind/45/bone = -1
bind/45/pose = Transform3D(-0.977139, -0.0750837, 0.198896, 0.19699, -0.671602, 0.714245, 0.0799505, 0.737097, 0.67104, 0.210961, 0.122628, 0.0189755)
bind/46/name = &"L_Toe"
bind/46/bone = -1
bind/46/pose = Transform3D(-0.986871, -0.0116994, 0.161082, 0.161506, -0.0715834, 0.984272, 1.4931e-05, 0.997366, 0.0725331, 0.208718, 0.0433494, -0.015592)
bind/47/name = &"R_UpperLeg"
bind/47/bone = -1
bind/47/pose = Transform3D(0.98145, -0.19158, -0.00696131, -0.191682, -0.980075, -0.0520539, 0.00314946, 0.0524228, -0.99862, 0.219898, 0.846111, -0.141944)
bind/48/name = &"R_LowerLeg"
bind/48/bone = -1
bind/48/pose = Transform3D(0.990493, -0.137316, -0.008042, -0.137551, -0.98854, -0.0621905, 0.00058947, 0.0627055, -0.998032, 0.194781, 0.451513, -0.14717)
bind/49/name = &"R_Foot"
bind/49/bone = -1
bind/49/pose = Transform3D(-0.987931, 0.0307914, -0.151793, -0.132117, -0.67902, 0.722133, -0.0808339, 0.733473, 0.674894, -0.208075, 0.135334, 0.0192118)
bind/50/name = &"R_Toe"
bind/50/bone = -1
bind/50/pose = Transform3D(-0.98687, 0.0117034, -0.161082, -0.161506, -0.0715838, 0.984272, -1.05863e-05, 0.997366, 0.072534, -0.20816, 0.0434409, -0.0155908)

[sub_resource type="Curve" id="Curve_7m00q"]
_data = [Vector2(0, 1), 0.0, -0.470953, 0, 0, Vector2(1, 0), -1.15979, 0.0, 0, 0]
point_count = 2

[sub_resource type="CurveTexture" id="CurveTexture_fkxrd"]
curve = SubResource("Curve_7m00q")

[sub_resource type="Curve" id="Curve_1ci8d"]
_limits = [-360.0, 360.0, 0.0, 1.0]
_data = [Vector2(0, 360), 0.0, -70.9104, 0, 0, Vector2(1, -360), -1614.3, 0.0, 0, 0]
point_count = 2

[sub_resource type="CurveTexture" id="CurveTexture_ksiwr"]
curve = SubResource("Curve_1ci8d")

[sub_resource type="Curve" id="Curve_hc752"]
_data = [Vector2(0, 0), 0.0, 1.8595, 0, 0, Vector2(0.980582, 1), 0.0, 0.0, 0, 0]
point_count = 2

[sub_resource type="CurveTexture" id="CurveTexture_addkl"]
curve = SubResource("Curve_hc752")

[sub_resource type="ParticleProcessMaterial" id="ParticleProcessMaterial_mbmvh"]
lifetime_randomness = 0.45
particle_flag_align_y = true
particle_flag_rotate_y = true
direction = Vector3(0, 0, -1)
initial_velocity_min = 1.1
initial_velocity_max = 1.2
angular_velocity_max = 1.1
angular_velocity_curve = SubResource("CurveTexture_ksiwr")
gravity = Vector3(0, -5.78, 0)
scale_min = 0.15
scale_max = 1.4
scale_curve = SubResource("CurveTexture_addkl")
alpha_curve = SubResource("CurveTexture_fkxrd")
anim_speed_min = 2.2
anim_speed_max = 2.5

[sub_resource type="QuadMesh" id="QuadMesh_ok4j7"]

[sub_resource type="AudioStreamRandomizer" id="AudioStreamRandomizer_cjxgy"]
random_pitch = 1.3
random_volume_offset_db = 0.5
streams_count = 3
stream_0/stream = ExtResource("4_1ci8d")
stream_1/stream = ExtResource("5_hc752")
stream_2/stream = ExtResource("6_mbmvh")

[node name="dismemberGib" type="CharacterBody3D" node_paths=PackedStringArray("mesh", "collisionSounds") groups=["physicsEntity"]]
collision_layer = 0
script = ExtResource("1_ikhea")
mesh = NodePath("fleshBit")
collisionSounds = [NodePath("audioStreamPlayer3d")]
metadata/_custom_type_script = "uid://mpu0audo4bfj"

[node name="collisionShape3d" type="CollisionShape3D" parent="."]
shape = SubResource("SphereShape3D_xphrd")

[node name="fleshBit" type="MeshInstance3D" parent="."]
top_level = true
layers = 8
visibility_range_end = 10.0
visibility_range_end_margin = 1.0
visibility_range_fade_mode = 1
mesh = ExtResource("3_ikhea")
skin = SubResource("Skin_f1w22")

[node name="bloodSpurt" type="GPUParticles3D" parent="fleshBit"]
unique_name_in_owner = true
process_thread_group = 2
process_thread_group_order = 0
process_thread_messages = 2
material_override = ExtResource("4_fkjti")
emitting = false
one_shot = true
explosiveness = 1.0
randomness = 0.54
fixed_fps = 0
process_material = SubResource("ParticleProcessMaterial_mbmvh")
draw_pass_1 = SubResource("QuadMesh_ok4j7")

[node name="audioStreamPlayer3d" type="AudioStreamPlayer3D" parent="."]
stream = SubResource("AudioStreamRandomizer_cjxgy")
volume_db = -25.0
max_distance = 15.0
max_polyphony = 2
bus = &"Sounds"
attenuation_filter_cutoff_hz = 20500.0

[connection signal="bounced" from="." to="." method="_on_bounced"]
