[gd_resource type="Skin" format=3 uid="uid://dni81a81m0edc"]

[resource]
resource_name = "Skin"
bind_count = 52
bind/0/name = &"Root"
bind/0/bone = -1
bind/0/pose = Transform3D(1, 4.83483e-07, 2.38511e-07, -4.89944e-07, 0.999611, 0.0278756, -2.24941e-07, -0.0278757, 0.999611, 0, 0, 0)
bind/1/name = &"Spine_0"
bind/1/bone = -1
bind/1/pose = Transform3D(1, 4.83483e-07, 2.38511e-07, -4.89944e-07, 0.999611, 0.0278757, -2.24941e-07, -0.0278758, 0.999611, 0.001448, -0.864598, 0.119092)
bind/2/name = &"Spine_1"
bind/2/bone = -1
bind/2/pose = Transform3D(1, 4.66101e-07, 2.3866e-07, -4.54881e-07, 0.998986, -0.045031, -2.59407e-07, 0.0450309, 0.998986, 0.00144802, -1.00861, 0.0457248)
bind/3/name = &"Spine_2"
bind/3/bone = -1
bind/3/pose = Transform3D(1, 4.55197e-07, 2.39403e-07, -4.31589e-07, 0.995872, -0.0907644, -2.7973e-07, 0.0907644, 0.995872, 0.00144803, -1.21289, -0.00986911)
bind/4/name = &"L_Shoulder"
bind/4/bone = -1
bind/4/pose = Transform3D(0.162455, -0.0541513, 0.985229, 0.93467, -0.311556, -0.171242, 0.316227, 0.948684, -2.08616e-07, 0.201817, 0.437572, -1.39243)
bind/5/name = &"L_UpperArm"
bind/5/bone = -1
bind/5/pose = Transform3D(-0.0223754, 0.0496621, 0.998515, 0.410172, -0.91038, 0.0544701, 0.911733, 0.410782, 2.17929e-07, 0.0798477, 1.25178, -0.703334)
bind/6/name = &"L_Forearm"
bind/6/bone = -1
bind/6/pose = Transform3D(-0.127092, 0.187231, 0.97406, 0.530009, -0.817254, 0.226244, 0.838414, 0.545014, 0.00463248, -0.064275, 0.888343, -0.846795)
bind/7/name = &"L_Hand"
bind/7/bone = -1
bind/7/pose = Transform3D(-0.0711415, 0.0919472, 0.993219, 0.565323, -0.816659, 0.116095, 0.821796, 0.569749, 0.00611854, 0.0114737, 0.614229, -0.865195)
bind/8/name = &"L_Thumb0"
bind/8/bone = -1
bind/8/pose = Transform3D(0.964013, 0.265854, -0.000512772, 0.265602, -0.963012, 0.0454249, 0.0115825, -0.0439264, -0.998968, -0.626491, 0.80134, 0.0319868)
bind/9/name = &"L_Thumb1"
bind/9/bone = -1
bind/9/pose = Transform3D(0.954777, 0.273073, 0.11761, 0.275039, -0.961433, -0.000508471, 0.112935, 0.0328327, -0.99306, -0.628986, 0.767092, -0.0783646)
bind/10/name = &"L_Thumb2"
bind/10/bone = -1
bind/10/pose = Transform3D(0.631023, 0.127417, 0.765229, 0.3239, -0.9396, -0.110643, 0.704911, 0.317676, -0.634179, -0.366618, 0.694582, -0.569034)
bind/11/name = &"L_Index0"
bind/11/bone = -1
bind/11/pose = Transform3D(0.832682, 0.553627, -0.0118038, 0.551807, -0.827783, 0.101418, 0.0463768, -0.0909626, -0.994774, -0.874843, 0.494986, 0.0284955)
bind/12/name = &"L_Index1"
bind/12/bone = -1
bind/12/pose = Transform3D(-0.419275, -0.0141764, 0.907749, 0.193563, -0.978284, 0.074126, 0.886985, 0.206786, 0.412914, 0.237217, 0.755914, -0.588776)
bind/13/name = &"L_Index2"
bind/13/bone = -1
bind/13/pose = Transform3D(0.481212, 0.219133, 0.848773, 0.210067, -0.968866, 0.131041, 0.851062, 0.115241, -0.512262, -0.392369, 0.709476, -0.519137)
bind/14/name = &"L_Middle0"
bind/14/bone = -1
bind/14/pose = Transform3D(0.908363, 0.417987, -0.0127799, 0.417963, -0.908453, -0.00459941, -0.0135326, -0.00116355, -0.999908, -0.783811, 0.616938, -0.0537138)
bind/15/name = &"L_Middle1"
bind/15/bone = -1
bind/15/pose = Transform3D(-0.742717, -0.23857, -0.625664, 0.151677, -0.970031, 0.189826, -0.652201, 0.0460881, 0.756644, 0.513537, 0.772717, 0.311457)
bind/16/name = &"L_Middle2"
bind/16/bone = -1
bind/16/pose = Transform3D(-0.975535, 0.0263608, -0.218256, -0.0799462, -0.967352, 0.240499, -0.20479, 0.252064, 0.945793, 0.427339, 0.848467, -0.0594708)
bind/17/name = &"L_Ring0"
bind/17/bone = -1
bind/17/pose = Transform3D(0.851385, 0.524488, -0.00751671, 0.523745, -0.850795, -0.0428948, -0.0288931, 0.0325832, -0.999051, -0.845452, 0.519374, -0.104336)
bind/18/name = &"L_Ring1"
bind/18/bone = -1
bind/18/pose = Transform3D(-0.997471, 0.015998, -0.0692547, -0.0310522, -0.974524, 0.222126, -0.0639366, 0.223715, 0.972555, 0.442296, 0.870886, -0.0750332)
bind/19/name = &"L_Ring2"
bind/19/bone = -1
bind/19/pose = Transform3D(-0.969134, 0.0339327, -0.244187, -0.0978987, -0.96201, 0.25486, -0.226262, 0.270899, 0.935638, 0.399679, 0.86573, -0.0422316)
bind/20/name = &"L_Pinkie0"
bind/20/bone = -1
bind/20/pose = Transform3D(0.862963, 0.504851, -0.0205017, 0.504443, -0.863163, -0.0220667, -0.0288368, 0.00870085, -0.999546, -0.828194, 0.542185, -0.104423)
bind/21/name = &"L_Pinkie1"
bind/21/bone = -1
bind/21/pose = Transform3D(-0.701898, -0.0565556, 0.710029, 0.228029, -0.962221, 0.148774, 0.67479, 0.266331, 0.688277, 0.442961, 0.74766, -0.45888)
bind/22/name = &"L_Pinkie2"
bind/22/bone = -1
bind/22/pose = Transform3D(-0.792212, 0.0504684, 0.608155, 0.168555, -0.939709, 0.297551, 0.586506, 0.338231, 0.735942, 0.382954, 0.747812, -0.474266)
bind/23/name = &"R_Shoulder"
bind/23/bone = -1
bind/23/pose = Transform3D(0.162456, 0.0541514, -0.985229, -0.93467, -0.311557, -0.171243, -0.316228, 0.948683, -5.7742e-07, -0.200908, 0.432344, -1.3942)
bind/24/name = &"R_UpperArm"
bind/24/bone = -1
bind/24/pose = Transform3D(-0.0223744, -0.0496622, -0.998515, -0.410171, -0.910381, 0.0544697, -0.911734, 0.410781, -8.21427e-07, -0.0799728, 1.24949, -0.708434)
bind/25/name = &"R_Forearm"
bind/25/bone = -1
bind/25/pose = Transform3D(-0.127091, -0.187231, -0.97406, -0.530008, -0.817255, 0.226243, -0.838415, 0.545013, 0.0046316, 0.063564, 0.885378, -0.851485)
bind/26/name = &"R_Hand"
bind/26/bone = -1
bind/26/pose = Transform3D(-0.0746024, -0.0953844, -0.992641, -0.518788, -0.846393, 0.120321, -0.851641, 0.523947, 0.0136586, -0.0096936, 0.658161, -0.834753)
bind/27/name = &"R_Thumb0"
bind/27/bone = -1
bind/27/pose = Transform3D(0.964014, -0.265852, 0.000514943, -0.2656, -0.963013, 0.0454247, -0.0115804, -0.0439268, -0.998968, 0.625952, 0.801489, 0.0319941)
bind/28/name = &"R_Thumb1"
bind/28/bone = -1
bind/28/pose = Transform3D(0.954777, -0.273073, -0.11761, -0.275039, -0.961433, -0.000508703, -0.112935, 0.032833, -0.99306, 0.628453, 0.767245, -0.0783022)
bind/29/name = &"R_Thumb2"
bind/29/bone = -1
bind/29/pose = Transform3D(0.631024, -0.127416, -0.765228, -0.323899, -0.9396, -0.110643, -0.70491, 0.317675, -0.63418, 0.366265, 0.694763, -0.56864)
bind/30/name = &"R_Index0"
bind/30/bone = -1
bind/30/pose = Transform3D(0.832682, -0.553626, 0.0118048, -0.551806, -0.827783, 0.101418, -0.0463757, -0.0909627, -0.994774, 0.874378, 0.495294, 0.0285215)
bind/31/name = &"R_Index1"
bind/31/bone = -1
bind/31/pose = Transform3D(-0.419273, 0.0141753, -0.90775, -0.193561, -0.978284, 0.0741258, -0.886986, 0.206784, 0.412912, -0.236982, 0.756023, -0.588279)
bind/32/name = &"R_Index2"
bind/32/bone = -1
bind/32/pose = Transform3D(0.481213, -0.219133, -0.848773, -0.210066, -0.968866, 0.13104, -0.851062, 0.11524, -0.512263, 0.3921, 0.709593, -0.518662)
bind/33/name = &"R_Middle0"
bind/33/bone = -1
bind/33/pose = Transform3D(0.908364, -0.417986, 0.0127808, -0.417962, -0.908453, -0.00459989, 0.0135335, -0.00116351, -0.999908, 0.783303, 0.617172, -0.0537214)
bind/34/name = &"R_Middle1"
bind/34/bone = -1
bind/34/pose = Transform3D(-0.742718, 0.238569, 0.625664, -0.151676, -0.970031, 0.189826, 0.6522, 0.0460887, 0.756645, -0.513122, 0.772801, 0.311092)
bind/35/name = &"R_Middle2"
bind/35/bone = -1
bind/35/pose = Transform3D(-0.975536, -0.0263618, 0.218255, 0.0799472, -0.967352, 0.240499, 0.204789, 0.252064, 0.945793, -0.426794, 0.848423, -0.0595851)
bind/36/name = &"R_Ring0"
bind/36/bone = -1
bind/36/pose = Transform3D(0.851386, -0.524486, 0.00751798, -0.523743, -0.850796, -0.0428954, 0.0288943, 0.0325831, -0.999051, 0.844976, 0.519667, -0.104352)
bind/37/name = &"R_Ring1"
bind/37/bone = -1
bind/37/pose = Transform3D(-0.997471, -0.0159975, 0.0692549, 0.0310519, -0.974523, 0.222126, 0.063937, 0.223715, 0.972555, -0.44174, 0.870868, -0.0750682)
bind/38/name = &"R_Ring2"
bind/38/bone = -1
bind/38/pose = Transform3D(-0.969135, -0.0339337, 0.244186, 0.0978996, -0.962009, 0.25486, 0.226261, 0.270899, 0.935639, -0.399137, 0.865675, -0.042358)
bind/39/name = &"R_Pinkie0"
bind/39/bone = -1
bind/39/pose = Transform3D(0.862963, -0.50485, 0.0205026, -0.504443, -0.863163, -0.0220672, 0.0288377, 0.00870079, -0.999546, 0.827712, 0.542467, -0.104439)
bind/40/name = &"R_Pinkie1"
bind/40/bone = -1
bind/40/pose = Transform3D(-0.701898, 0.0565563, -0.710028, -0.228029, -0.962221, 0.148774, -0.67479, 0.266331, 0.688278, -0.44257, 0.747786, -0.458503)
bind/41/name = &"R_Pinkie2"
bind/41/bone = -1
bind/41/pose = Transform3D(-0.792212, -0.0504692, -0.608156, -0.168554, -0.939709, 0.29755, -0.586507, 0.33823, 0.735942, -0.382511, 0.747906, -0.473938)
bind/42/name = &"Neck"
bind/42/bone = -1
bind/42/pose = Transform3D(1, 4.76837e-07, 2.38419e-07, -4.76837e-07, 1, -2.37427e-07, -2.38419e-07, 1.5547e-07, 1, 0.001448, -1.46823, 0.123905)
bind/43/name = &"Head"
bind/43/bone = -1
bind/43/pose = Transform3D(-2.79748e-08, 0.190045, -0.981775, -5.56162e-07, 0.981775, 0.190045, 1, 5.52514e-07, 8.26968e-08, -0.409559, -1.489, 0.00144786)
bind/44/name = &"L_UpperLeg"
bind/44/bone = -1
bind/44/pose = Transform3D(0.98145, 0.191581, 0.00696237, 0.191683, -0.980076, -0.0520537, -0.00314837, 0.052423, -0.99862, -0.211595, 0.836361, -0.140147)
bind/45/name = &"L_LowerLeg"
bind/45/bone = -1
bind/45/pose = Transform3D(0.990493, 0.137317, 0.00804292, 0.137552, -0.98854, -0.0621903, -0.000588549, 0.0627057, -0.998032, -0.186749, 0.446507, -0.145291)
bind/46/name = &"L_Foot"
bind/46/bone = -1
bind/46/pose = Transform3D(-0.977138, -0.0750833, 0.198896, 0.19699, -0.671603, 0.714245, 0.0799501, 0.737097, 0.67104, 0.208262, 0.121059, 0.0187327)
bind/47/name = &"L_Toe"
bind/47/bone = -1
bind/47/pose = Transform3D(-0.98687, -0.0117042, 0.161081, 0.161505, -0.0715843, 0.984272, 9.57957e-06, 0.997366, 0.0725342, 0.206048, 0.0427951, -0.0153915)
bind/48/name = &"R_UpperLeg"
bind/48/bone = -1
bind/48/pose = Transform3D(0.981451, -0.19158, -0.00696149, -0.191681, -0.980076, -0.0520539, 0.0031495, 0.052423, -0.99862, 0.217085, 0.835289, -0.140129)
bind/49/name = &"R_LowerLeg"
bind/49/bone = -1
bind/49/pose = Transform3D(0.990494, -0.137316, -0.00804199, -0.13755, -0.98854, -0.0621905, 0.000589687, 0.0627057, -0.998032, 0.192289, 0.445738, -0.145287)
bind/50/name = &"R_Foot"
bind/50/bone = -1
bind/50/pose = Transform3D(-0.987932, 0.0307912, -0.151794, -0.132117, -0.67902, 0.722133, -0.0808349, 0.733473, 0.674894, -0.205413, 0.133603, 0.0189658)
bind/51/name = &"R_Toe"
bind/51/bone = -1
bind/51/pose = Transform3D(-0.986871, 0.0117033, -0.161082, -0.161506, -0.0715837, 0.984272, -1.10613e-05, 0.997366, 0.072534, -0.205497, 0.0428852, -0.0153916)
