[gd_resource type="Skin" format=3 uid="uid://dni81a81m0edc"]

[resource]
resource_name = "Skin"
bind_count = 52
bind/0/name = &"Root"
bind/0/bone = -1
bind/0/pose = Transform3D(1, 4.83483e-07, 2.38511e-07, -4.89944e-07, 0.999611, 0.0278759, -2.24941e-07, -0.0278759, 0.999611, 0, 0, 0)
bind/1/name = &"Spine_0"
bind/1/bone = -1
bind/1/pose = Transform3D(1, 4.83483e-07, 2.38511e-07, -4.89944e-07, 0.999611, 0.0278759, -2.24941e-07, -0.027876, 0.999611, 0.000336744, -0.201069, 0.0276957)
bind/2/name = &"Spine_1"
bind/2/bone = -1
bind/2/pose = Transform3D(1, 4.66101e-07, 2.3866e-07, -4.54881e-07, 0.998986, -0.0450307, -2.59407e-07, 0.0450306, 0.998986, 0.000336748, -0.234561, 0.0106337)
bind/3/name = &"Spine_2"
bind/3/bone = -1
bind/3/pose = Transform3D(1, 4.55197e-07, 2.39403e-07, -4.31589e-07, 0.995872, -0.0907642, -2.7973e-07, 0.0907641, 0.995872, 0.000336751, -0.282068, -0.00229514)
bind/4/name = &"L_Shoulder"
bind/4/bone = -1
bind/4/pose = Transform3D(0.162455, -0.0541515, 0.985229, 0.93467, -0.311556, -0.171242, 0.316227, 0.948684, 1.49012e-08, 0.0469342, 0.101761, -0.32382)
bind/5/name = &"L_UpperArm"
bind/5/bone = -1
bind/5/pose = Transform3D(-0.0223754, 0.0496619, 0.998515, 0.410172, -0.91038, 0.0544699, 0.911733, 0.410782, 3.14787e-07, 0.0185692, 0.291112, -0.163566)
bind/6/name = &"L_Forearm"
bind/6/bone = -1
bind/6/pose = Transform3D(-0.127092, 0.18723, 0.97406, 0.530009, -0.817254, 0.226244, 0.838414, 0.545014, 0.00463261, -0.0149477, 0.206591, -0.196929)
bind/7/name = &"L_Hand"
bind/7/bone = -1
bind/7/pose = Transform3D(-0.0711415, 0.091947, 0.993219, 0.565323, -0.816659, 0.116095, 0.821796, 0.569749, 0.00611869, 0.00266829, 0.142844, -0.201208)
bind/8/name = &"L_Thumb0"
bind/8/bone = -1
bind/8/pose = Transform3D(0.964013, 0.265854, -0.000512709, 0.265602, -0.963012, 0.0454247, 0.0115825, -0.0439261, -0.998968, -0.145696, 0.186358, 0.00743878)
bind/9/name = &"L_Thumb1"
bind/9/bone = -1
bind/9/pose = Transform3D(0.954777, 0.273073, 0.11761, 0.275039, -0.961433, -0.000508702, 0.112935, 0.032833, -0.99306, -0.146276, 0.178393, -0.0182243)
bind/10/name = &"L_Thumb2"
bind/10/bone = -1
bind/10/pose = Transform3D(0.631023, 0.127417, 0.765229, 0.3239, -0.9396, -0.110643, 0.704911, 0.317676, -0.634179, -0.0852599, 0.161531, -0.132334)
bind/11/name = &"L_Index0"
bind/11/bone = -1
bind/11/pose = Transform3D(0.832682, 0.553626, -0.0118037, 0.551807, -0.827783, 0.101418, 0.0463768, -0.0909624, -0.994774, -0.203452, 0.115113, 0.00662687)
bind/12/name = &"L_Index1"
bind/12/bone = -1
bind/12/pose = Transform3D(-0.419275, -0.0141766, 0.907749, 0.193563, -0.978284, 0.0741257, 0.886985, 0.206786, 0.412914, 0.0551668, 0.175794, -0.136925)
bind/13/name = &"L_Index2"
bind/13/bone = -1
bind/13/pose = Transform3D(0.481212, 0.219133, 0.848773, 0.210067, -0.968866, 0.13104, 0.851062, 0.115241, -0.512262, -0.0912486, 0.164994, -0.12073)
bind/14/name = &"L_Middle0"
bind/14/bone = -1
bind/14/pose = Transform3D(0.908363, 0.417987, -0.0127798, 0.417963, -0.908453, -0.00459963, -0.0135326, -0.00116331, -0.999908, -0.182282, 0.143474, -0.0124916)
bind/15/name = &"L_Middle1"
bind/15/bone = -1
bind/15/pose = Transform3D(-0.742717, -0.23857, -0.625664, 0.151677, -0.970031, 0.189826, -0.652201, 0.0460879, 0.756644, 0.119427, 0.179702, 0.0724318)
bind/16/name = &"L_Middle2"
bind/16/bone = -1
bind/16/pose = Transform3D(-0.975535, 0.0263609, -0.218256, -0.0799462, -0.967352, 0.240499, -0.20479, 0.252064, 0.945793, 0.0993811, 0.197318, -0.0138304)
bind/17/name = &"L_Ring0"
bind/17/bone = -1
bind/17/pose = Transform3D(0.851385, 0.524488, -0.00751659, 0.523745, -0.850795, -0.042895, -0.0288931, 0.0325834, -0.999051, -0.196617, 0.120785, -0.0242642)
bind/18/name = &"L_Ring1"
bind/18/bone = -1
bind/18/pose = Transform3D(-0.997471, 0.015998, -0.0692547, -0.0310522, -0.974524, 0.222126, -0.0639366, 0.223715, 0.972555, 0.10286, 0.202532, -0.0174496)
bind/19/name = &"L_Ring2"
bind/19/bone = -1
bind/19/pose = Transform3D(-0.969134, 0.0339328, -0.244187, -0.0978987, -0.96201, 0.25486, -0.226262, 0.270899, 0.935638, 0.0929486, 0.201333, -0.00982131)
bind/20/name = &"L_Pinkie0"
bind/20/bone = -1
bind/20/pose = Transform3D(0.862963, 0.504851, -0.0205016, 0.504443, -0.863163, -0.0220669, -0.0288368, 0.00870109, -0.999546, -0.192603, 0.126089, -0.0242844)
bind/21/name = &"L_Pinkie1"
bind/21/bone = -1
bind/21/pose = Transform3D(-0.701898, -0.0565558, 0.710029, 0.228029, -0.962221, 0.148774, 0.67479, 0.266331, 0.688277, 0.103014, 0.173874, -0.106716)
bind/22/name = &"L_Pinkie2"
bind/22/bone = -1
bind/22/pose = Transform3D(-0.792212, 0.0504682, 0.608155, 0.168555, -0.939709, 0.29755, 0.586506, 0.338231, 0.735942, 0.089059, 0.17391, -0.110294)
bind/23/name = &"R_Shoulder"
bind/23/bone = -1
bind/23/pose = Transform3D(0.162456, 0.0541516, -0.985229, -0.93467, -0.311557, -0.171243, -0.316228, 0.948683, -3.53903e-07, -0.0467228, 0.100545, -0.324232)
bind/24/name = &"R_UpperArm"
bind/24/bone = -1
bind/24/pose = Transform3D(-0.0223744, -0.0496619, -0.998515, -0.410171, -0.910381, 0.0544695, -0.911734, 0.410781, -7.24569e-07, -0.0185983, 0.290579, -0.164752)
bind/25/name = &"R_Forearm"
bind/25/bone = -1
bind/25/pose = Transform3D(-0.127091, -0.18723, -0.97406, -0.530008, -0.817255, 0.226243, -0.838415, 0.545013, 0.00463174, 0.0147823, 0.205902, -0.19802)
bind/26/name = &"R_Hand"
bind/26/bone = -1
bind/26/pose = Transform3D(-0.0746024, -0.0953842, -0.992641, -0.518788, -0.846393, 0.120321, -0.851641, 0.523947, 0.0136587, -0.00225433, 0.153061, -0.194129)
bind/27/name = &"R_Thumb0"
bind/27/bone = -1
bind/27/pose = Transform3D(0.964014, -0.265852, 0.00051488, -0.2656, -0.963013, 0.0454245, -0.0115804, -0.0439265, -0.998968, 0.14557, 0.186393, 0.00744048)
bind/28/name = &"R_Thumb1"
bind/28/bone = -1
bind/28/pose = Transform3D(0.954777, -0.273073, -0.11761, -0.275039, -0.961433, -0.000508934, -0.112935, 0.0328332, -0.99306, 0.146152, 0.178429, -0.0182098)
bind/29/name = &"R_Thumb2"
bind/29/bone = -1
bind/29/pose = Transform3D(0.631024, -0.127416, -0.765228, -0.323899, -0.9396, -0.110643, -0.70491, 0.317675, -0.63418, 0.0851779, 0.161573, -0.132242)
bind/30/name = &"R_Index0"
bind/30/bone = -1
bind/30/pose = Transform3D(0.832682, -0.553625, 0.0118046, -0.551806, -0.827783, 0.101418, -0.0463757, -0.0909625, -0.994774, 0.203344, 0.115185, 0.00663291)
bind/31/name = &"R_Index1"
bind/31/bone = -1
bind/31/pose = Transform3D(-0.419273, 0.0141755, -0.90775, -0.193561, -0.978284, 0.0741255, -0.886986, 0.206784, 0.412912, -0.0551121, 0.175819, -0.136809)
bind/32/name = &"R_Index2"
bind/32/bone = -1
bind/32/pose = Transform3D(0.481213, -0.219132, -0.848773, -0.210066, -0.968866, 0.13104, -0.851062, 0.11524, -0.512263, 0.091186, 0.165022, -0.120619)
bind/33/name = &"R_Middle0"
bind/33/bone = -1
bind/33/pose = Transform3D(0.908364, -0.417986, 0.0127807, -0.417962, -0.908453, -0.00460011, 0.0135335, -0.00116327, -0.999908, 0.182164, 0.143528, -0.0124934)
bind/34/name = &"R_Middle1"
bind/34/bone = -1
bind/34/pose = Transform3D(-0.742718, 0.238569, 0.625664, -0.151676, -0.970031, 0.189825, 0.6522, 0.0460885, 0.756645, -0.119331, 0.179721, 0.072347)
bind/35/name = &"R_Middle2"
bind/35/bone = -1
bind/35/pose = Transform3D(-0.975536, -0.0263618, 0.218255, 0.0799472, -0.967352, 0.240499, 0.204789, 0.252064, 0.945793, -0.0992543, 0.197308, -0.013857)
bind/36/name = &"R_Ring0"
bind/36/bone = -1
bind/36/pose = Transform3D(0.851386, -0.524486, 0.00751786, -0.523743, -0.850796, -0.0428956, 0.0288943, 0.0325833, -0.999051, 0.196506, 0.120853, -0.0242679)
bind/37/name = &"R_Ring1"
bind/37/bone = -1
bind/37/pose = Transform3D(-0.997471, -0.0159976, 0.0692549, 0.0310519, -0.974523, 0.222126, 0.063937, 0.223715, 0.972555, -0.10273, 0.202527, -0.0174577)
bind/38/name = &"R_Ring2"
bind/38/bone = -1
bind/38/pose = Transform3D(-0.969135, -0.0339337, 0.244186, 0.0978996, -0.962009, 0.25486, 0.226261, 0.270899, 0.935639, -0.0928226, 0.20132, -0.0098507)
bind/39/name = &"R_Pinkie0"
bind/39/bone = -1
bind/39/pose = Transform3D(0.862963, -0.50485, 0.0205025, -0.504443, -0.863163, -0.0220674, 0.0288377, 0.00870103, -0.999546, 0.192491, 0.126155, -0.0242882)
bind/40/name = &"R_Pinkie1"
bind/40/bone = -1
bind/40/pose = Transform3D(-0.701898, 0.0565565, -0.710028, -0.228029, -0.962221, 0.148774, -0.67479, 0.266331, 0.688278, -0.102923, 0.173904, -0.106629)
bind/41/name = &"R_Pinkie2"
bind/41/bone = -1
bind/41/pose = Transform3D(-0.792212, -0.050469, -0.608156, -0.168554, -0.939709, 0.29755, -0.586507, 0.33823, 0.735942, -0.0889561, 0.173932, -0.110218)
bind/42/name = &"Neck"
bind/42/bone = -1
bind/42/pose = Transform3D(1, 4.76837e-07, 2.38419e-07, -4.76837e-07, 1, 9.92095e-10, -2.38419e-07, -8.29486e-08, 1, 0.000336744, -0.341449, 0.0288151)
bind/43/name = &"Head"
bind/43/bone = -1
bind/43/pose = Transform3D(-2.79749e-08, 0.190045, -0.981775, -5.56162e-07, 0.981775, 0.190045, 1, 5.52514e-07, 8.26968e-08, -0.0952464, -0.34628, 0.000336713)
bind/44/name = &"L_UpperLeg"
bind/44/bone = -1
bind/44/pose = Transform3D(0.98145, 0.191581, 0.00696242, 0.191683, -0.980076, -0.0520539, -0.00314837, 0.0524233, -0.99862, -0.0492082, 0.194503, -0.0325922)
bind/45/name = &"L_LowerLeg"
bind/45/bone = -1
bind/45/pose = Transform3D(0.990493, 0.137317, 0.00804295, 0.137552, -0.98854, -0.0621906, -0.000588548, 0.062706, -0.998032, -0.04343, 0.103839, -0.0337885)
bind/46/name = &"L_Foot"
bind/46/bone = -1
bind/46/pose = Transform3D(-0.977139, -0.0750834, 0.198896, 0.19699, -0.671603, 0.714245, 0.07995, 0.737097, 0.671041, 0.0484331, 0.0281534, 0.00435645)
bind/47/name = &"L_Toe"
bind/47/bone = -1
bind/47/pose = Transform3D(-0.98687, -0.0117042, 0.161081, 0.161505, -0.0715846, 0.984272, 9.57957e-06, 0.997366, 0.0725344, 0.0479182, 0.00995234, -0.00357942)
bind/48/name = &"R_UpperLeg"
bind/48/bone = -1
bind/48/pose = Transform3D(0.981451, -0.19158, -0.00696154, -0.191681, -0.980076, -0.0520541, 0.0031495, 0.0524232, -0.99862, 0.0504849, 0.194253, -0.0325881)
bind/49/name = &"R_LowerLeg"
bind/49/bone = -1
bind/49/pose = Transform3D(0.990494, -0.137316, -0.00804202, -0.13755, -0.98854, -0.0621908, 0.000589687, 0.062706, -0.998032, 0.0447185, 0.10366, -0.0337877)
bind/50/name = &"R_Foot"
bind/50/bone = -1
bind/50/pose = Transform3D(-0.987932, 0.0307913, -0.151794, -0.132117, -0.679021, 0.722133, -0.0808349, 0.733473, 0.674895, -0.0477705, 0.0310704, 0.00441065)
bind/51/name = &"R_Toe"
bind/51/bone = -1
bind/51/pose = Transform3D(-0.986871, 0.0117033, -0.161082, -0.161506, -0.071584, 0.984272, -1.10613e-05, 0.997366, 0.0725343, -0.04779, 0.0099733, -0.00357944)
